175,281
175,280
175,278
175,277
175,275
175,273
175,272
175,270
175,269
175,267
175,265
175,264
175,262
175,261
175,259
175,257
175,256
175,225
175,224
175,222
175,221
175,219
175,217
175,216
175,214
175,213
175,211
175,209
175,208
175,206
175,205
175,203
175,202
175,200
175,198
175,197
175,195
175,194
175,192
175,131
175,130
175,128
175,127
175,125
175,124
175,122
175,120
175,119
175,117
175,116
175,114
175,112
175,111
175,109
175,108
175,106
175,105
175,104
175,103
175,102
175,101
175,100
175,99
175,98
175,97
175,96
175,95
175,94
175,93
175,92
175,91
175,90
175,89
175,88
175,87
175,86
175,85
175,84
175,83
175,82
175,81
175,80
175,79
175,78
175,77
175,76
175,75
175,74
175,73
175,72
175,71
175,70
175,69
175,68
175,67
175,66
175,65
175,64
175,63
175,62
175,61
175,60
175,59
175,58
175,57
175,56
175,55
175,54
175,53
175,52
175,51
175,50
175,49
175,48
175,47
175,46
175,45
175,44
175,43
175,42
175,41
175,40
175,39
175,38
175,37
175,36
175,35
175,34
175,33
175,32
175,31
175,30
175,29
175,28
175,27
175,26
175,25
175,24
175,23
175,22
175,21
175,20
175,19
175,18
175,17
175,16
175,15
175,14
175,13
175,12
175,11
175,10
175,9
175,8
175,7
175,6
175,5
175,4
175,3
175,2
175,1
174,3
174,2
174,1
173,5
173,4
173,3
173,2
173,1
172,32
172,31
172,30
172,29
172,28
172,27
172,26
172,25
172,24
172,23
172,22
172,21
172,20
172,19
172,18
172,17
172,16
172,15
172,14
172,13
172,12
172,11
172,10
172,9
172,8
172,7
172,6
172,5
172,4
172,3
172,2
172,1
171,3
171,2
171,1
170,4
170,3
170,2
170,1
169,3
169,2
169,1
168,3
168,2
168,1
2,16
2,15
2,14
2,13
2,12
2,11
2,10
2,9
2,8
2,7
2,3
2,2
2,0
1,3
0,531
0,530
0,515
0,514
0,311
0,308
0,1
175,283
175,284
175,288
175,289
175,292
175,294
175,297
175,300
175,302
175,305
175,307
175,310
175,313
175,315
175,318
175,319
175,322
175,324
175,327
175,330
175,332
175,335
175,337
175,340
175,343
175,345
175,348
175,349
175,353
175,354
175,357
175,361
175,362
175,365
175,367
176,1
176,4
176,6
177,1
177,3
178,2
178,3
179,3
180,4
180,5
180,8
180,10
180,13
181,1
181,3
181,6
182,2
182,5
182,8
182,10
182,13
182,14
182,18
182,19
182,22
182,25
183,2
183,5
183,7
183,10
183,13
183,15
183,18
183,19
184,1
184,2
184,5
186,1
186,2
187,1
187,3
188,3
189,3
190,1
190,4
190,6
191,1
191,2
192,3
193,3
193,4
194,3
195,2
196,2
197,1
197,3
198,2
198,4
198,7
198,10
198,12
198,15
198,16
199,2
199,3
200,3
200,6
200,8
200,11
200,13
200,16
200,19
200,21
200,24
200,25
200,29
200,30
200,33
200,37
200,38
200,41
200,43
200,46
200,49
200,51
200,54
200,56
200,59
200,60
200,64
200,67
200,68
200,71
200,73
200,76
200,79
200,81
200,84
200,86
200,89
200,90
200,94
200,97
200,98
200,102
200,103
200,106
200,110
200,111
200,114
200,116
200,119
200,122
200,124
200,127
200,129
200,132
200,133
200,136
200,140
200,141
200,144
200,146
200,149
200,152
200,154
200,157
200,159
200,162
200,163
200,167
200,170
200,171
200,175
200,176
200,179
200,182
200,184
200,187
200,189
200,192
200,194
200,197
200,200
200,201
200,205
200,206
200,209
200,213
200,214
200,217
200,219
200,222
200,225
200,227
200,230
200,232
200,235
200,236
200,239
200,243
200,244
200,247
200,249
200,252
200,255
200,257
200,273
200,321
200,324
200,325
200,329
200,332
200,333
200,337
200,338
200,341
200,344
200,346
200,349
200,351
200,354
200,356
200,359
200,362
200,363
200,367
200,368
200,371
200,375
200,376
200,379
200,381
200,384
200,386
200,389
200,392
200,394
200,397
200,398
200,402
200,405
200,406
200,409
200,411
200,414
200,417
200,419
200,422
200,424
200,427
200,428
200,432
200,435
200,436
200,440
200,441
200,444
200,447
200,449
200,452
200,454
200,457
200,459
200,462
200,465
200,467
200,470
200,471
200,474
200,478
200,479
200,482
200,484
200,487
200,489
200,492
200,495
200,497
200,500
200,501
200,505
200,508
200,509
200,512
200,514
200,517
200,520
200,522
200,525
200,527
200,530
200,532
200,535
200,538
200,539
200,543
200,544
200,547
200,551
200,552
200,555
200,557
200,560
200,562
200,565
200,568
200,570
200,573
200,574
200,577
200,581
200,582
200,585
200,587
200,590
200,592
200,595
200,598
200,600
200,603
200,604
200,608
200,611
200,612
200,616
200,617
200,620
200,623
200,625
200,628
200,630
200,633
200,635
200,638
200,641
200,642
200,646
200,647
200,650
200,654
200,655
200,658
200,660
200,663
200,665
200,668
200,671
200,673
200,676
200,677
200,681
200,684
200,685
200,688
200,690
200,693
200,695
200,698
200,701
200,703
200,706
200,707
200,711
200,714
200,715
200,719
200,720
200,723
200,725
200,728
200,731
200,733
200,736
200,738
200,741
200,744
200,746
200,749
200,750
200,753
200,757
200,758
200,761
200,763
200,766
200,768
200,771
200,774
200,776
200,779
200,780
200,784
200,787
200,788
200,791
200,793
200,796
200,798
200,801
200,804
200,806
200,809
200,810
200,814
200,817
200,818
200,822
200,823
200,826
200,828
200,831
200,834
200,836
200,839
200,841
200,844
200,847
200,849
200,852
200,853
200,856
200,860
200,861
200,864
200,866
200,869
200,871
200,874
200,877
200,879
200,882
200,883
200,887
200,890
200,891
200,895
200,896
200,899
200,901
200,904
200,907
200,909
200,912
200,914
200,917
200,920
200,921
200,925
200,926
200,929
200,931
200,934
200,937
200,939
200,942
200,944
200,947
200,950
200,952
200,955
200,956
200,959
200,961
200,964
200,967
200,969
200,972
200,974
200,977
200,980
200,982
200,985
200,986
200,990
200,993
200,994
200,998
200,999
200,1002
200,1004
200,1007
200,1010
200,1012
200,1015
200,1017
200,1020
200,1023
200,1024
200,1028
200,1029
200,1032
200,1034
200,1037
200,1040
200,1042
200,1045
200,1047
200,1050
200,1053
200,1055
200,1058
200,1059
200,1063
200,1064
200,1067
200,1070
200,1072
200,1075
200,1077
200,1080
200,1083
200,1085
200,1088
200,1089
200,1093
200,1096
200,1097
200,1101
200,1102
200,1105
200,1107
200,1110
200,1113
200,1115
200,1118
200,1120
200,1123
200,1126
200,1128
200,1131
200,1132
200,1135
200,1137
200,1140
200,1143
200,1145
200,1148
200,1150
200,1153
200,1156
200,1158
200,1217
200,1218
200,1222
200,1223
200,1226
200,1229
200,1231
200,1234
200,1236
200,1239
200,1242
200,1244
200,1247
200,1249
200,1252
200,1253
200,1256
200,1260
200,1261
200,1264
200,1266
201,1
201,4
202,2
203,1
203,3
204,3
204,6
204,8
206,1
206,2
206,5
207,2
208,1
209,1
209,3
210,1
210,3
210,6
210,9
211,2
211,5
212,1
212,5
212,6
213,1
213,4
213,6
214,3
214,4
215,3
215,6
215,7
215,11
215,12
215,15
215,17
215,20
215,23
215,25
215,28
215,30
215,33
215,36
215,37
215,41
215,42
215,45
215,49
215,50
215,53
215,55
215,58
215,60
215,63
215,66
215,68
215,71
215,72
215,76
215,79
215,80
215,83
215,85
215,88
215,90
215,93
215,96
215,98
215,101
215,102
215,106
215,109
215,110
215,114
215,115
215,118
215,120
215,123
215,126
215,128
215,131
215,133
215,136
215,139
215,141
215,144
215,145
215,148
215,152
215,153
215,156
215,158
215,161
215,163
215,166
215,169
215,171
215,174
215,175
215,179
215,182
215,183
215,186
215,188
215,191
215,193
215,196
215,199
215,201
215,204
215,206
215,209
215,212
215,213
215,217
215,218
215,221
215,223
215,226
215,229
215,231
215,234
215,236
215,239
215,242
215,244
215,247
215,248
215,251
215,253
215,256
215,259
215,261
215,264
215,266
215,269
215,272
215,274
215,277
215,278
215,282
215,285
215,286
215,290
215,291
215,294
215,296
215,299
215,302
215,304
215,307
215,309
215,312
215,315
215,316
215,320
215,321
215,324
215,326
215,329
215,332
215,334
215,337
215,339
215,342
215,345
215,347
215,350
215,351
215,355
215,356
215,359
215,362
215,364
215,367
215,369
215,372
215,375
215,377
215,380
215,381
215,385
215,388
215,389
215,393
215,394
215,397
215,399
215,402
215,405
215,407
215,410
215,412
215,415
215,418
215,420
215,423
215,424
215,427
215,429
215,432
215,435
215,437
215,440
215,442
215,445
215,448
215,450
215,453
215,454
215,458
215,459
215,462
215,465
215,467
215,470
215,472
215,475
215,478
215,480
215,483
215,485
215,488
215,489
215,492
215,496
215,497
215,500
215,502
215,505
215,508
215,510
215,513
215,515
215,518
215,521
215,523
215,526
215,527
215,530
215,532
215,535
215,538
215,540
215,543
215,545
215,548
215,551
215,553
215,556
215,557
215,561
215,562
215,565
215,569
215,570
215,573
215,575
215,578
215,581
215,583
215,586
215,588
215,591
215,592
215,595
215,599
215,600
215,603
215,605
215,608
215,611
215,613
215,616
215,618
215,621
215,624
215,626
215,629
215,630
215,634
215,635
215,638
215,641
215,643
215,646
215,648
215,651
215,654
215,656
215,659
215,660
215,664
215,665
215,668
215,672
215,673
215,676
215,678
215,681
215,684
215,686
215,689
215,705
215,708
215,709
215,712
215,716
215,717
215,720
215,722
215,725
215,768
215,770
215,773
215,775
215,778
215,779
215,783
215,786
215,787
215,791
215,792
215,795
215,798
215,800
215,803
215,805
215,808
215,811
215,813
215,816
215,817
215,821
215,822
215,825
215,829
215,830
215,833
215,835
215,838
215,841
215,843
215,846
215,848
215,851
215,852
215,856
215,859
215,860
215,863
215,865
215,868
215,871
215,873
215,876
215,878
215,881
215,882
215,886
215,889
215,890
215,894
215,895
215,898
215,901
215,903
215,906
215,908
215,911
215,914
215,960
215,963
215,965
215,968
215,969
215,972
215,976
215,977
215,980
215,982
215,985
215,988
215,990
215,993
215,995
215,998
215,999
215,1003
215,1006
215,1007
215,1010
215,1012
215,1015
215,1018
215,1020
215,1023
215,1025
215,1028
215,1030
215,1033
215,1036
215,1037
215,1041
215,1042
215,1045
215,1049
215,1050
215,1053
215,1055
215,1058
215,1061
215,1063
215,1066
215,1068
215,1071
215,1072
215,1075
215,1079
215,1080
215,1083
215,1085
215,1088
215,1091
215,1093
215,1096
215,1098
215,1101
215,1102
215,1106
215,1109
215,1110
215,1114
215,1115
215,1118
215,1121
215,1123
215,1126
215,1128
215,1131
215,1133
215,1136
215,1139
215,1140
215,1144
215,1145
215,1148
215,1152
215,1153
215,1156
215,1158
215,1161
215,1163
215,1166
215,1169
215,1171
215,1174
215,1175
215,1179
215,1182
215,1183
215,1186
215,1188
215,1191
215,1194
215,1196
215,1199
215,1201
215,1204
215,1205
215,1209
215,1212
215,1213
215,1217
215,1218
215,1221
215,1224
215,1226
215,1281
215,1283
215,1286
215,1288
215,1291
215,1294
215,1296
215,1299
215,1300
215,1303
215,1307
215,1308
215,1311
215,1313
215,1316
215,1318
215,1321
215,1345
215,1347
215,1350
215,1351
215,1355
215,1358
215,1359
215,1362
215,1364
215,1367
215,1370
215,1372
215,1375
215,1377
215,1380
215,1381
215,1385
215,1388
215,1389
215,1393
215,1394
215,1397
215,1401
215,1402
215,1405
215,1407
215,1410
215,1412
215,1415
215,1418
215,1420
215,1423
215,1424
215,1427
215,1431
215,1432
215,1435
215,1437
215,1440
215,1442
215,1474
215,1477
215,1479
215,1482
215,1483
215,1487
215,1490
215,1491
215,1495
215,1496
215,1499
215,1501
215,1504
215,1507
215,1509
215,1512
215,1514
215,1517
215,1520
215,1521
215,1525
215,1526
215,1529
215,1533
215,1534
215,1537
215,1539
215,1596
215,1598
215,1602
0,301
4,3
2,6
215,1603
215,1600
215,1540
215,1536
215,1531
215,1528
215,1523
215,1518
215,1515
215,1510
215,1506
215,1502
215,1498
215,1493
215,1488
215,1485
215,1480
215,1475
215,1472
215,1439
215,1434
215,1429
215,1426
215,1421
215,1416
215,1413
215,1408
215,1404
215,1399
215,1396
215,1391
215,1386
215,1383
215,1378
215,1374
215,1369
215,1366
215,1361
215,1356
215,1353
215,1348
215,1322
215,1319
215,1315
215,1310
215,1305
215,1302
215,1297
215,1292
215,1289
215,1284
215,1280
215,1223
215,1220
215,1215
215,1210
215,1207
215,1202
215,1198
215,1193
215,1190
215,1185
215,1180
215,1177
215,1172
215,1167
215,1164
215,1159
215,1155
215,1150
215,1147
215,1142
215,1137
215,1134
215,1129
215,1125
215,1120
215,1117
215,1112
215,1107
215,1104
215,1099
215,1095
215,1090
215,1087
215,1082
215,1077
215,1074
215,1069
215,1064
215,1060
215,1056
215,1052
215,1047
215,1044
215,1039
215,1034
215,1031
215,1026
215,1022
215,1017
215,1014
215,1009
215,1004
215,1001
215,996
215,991
215,987
215,984
215,979
215,974
215,971
215,966
215,961
215,913
215,909
215,905
215,900
215,897
215,892
215,887
215,884
215,879
215,875
215,870
215,867
215,862
215,857
215,854
215,849
215,844
215,840
215,837
215,832
215,827
215,824
215,819
215,814
215,810
215,806
215,802
215,797
215,794
215,789
215,784
215,781
215,776
215,772
215,727
215,724
215,719
215,714
215,711
215,706
215,687
215,683
215,679
215,675
215,670
215,667
215,662
215,657
215,653
215,649
215,645
215,640
215,637
215,632
215,627
215,622
215,619
215,614
215,610
215,607
215,602
215,597
215,594
215,589
215,584
215,580
215,576
215,572
215,567
215,564
215,559
215,554
215,549
215,546
215,542
215,537
215,534
215,529
215,524
215,519
215,516
215,511
215,507
215,504
215,499
215,494
215,491
215,486
215,481
215,477
215,473
215,469
215,464
215,461
215,456
215,451
215,446
215,443
215,439
215,434
215,431
215,426
215,421
215,416
215,413
215,408
215,404
215,400
215,396
215,391
215,386
215,383
215,378
215,374
215,370
215,366
215,361
215,358
215,353
215,348
215,343
215,340
215,335
215,331
215,328
215,323
215,318
215,313
215,310
215,305
215,301
215,297
215,293
215,288
215,283
215,280
215,275
215,271
215,267
215,263
215,258
215,255
215,250
215,245
215,240
215,237
215,232
215,228
215,225
215,220
215,215
215,210
215,207
215,202
215,198
215,194
215,190
215,185
215,180
215,177
215,172
215,167
215,164
215,160
215,155
215,150
215,147
215,142
215,137
215,134
215,129
215,125
215,122
215,117
215,112
215,107
215,104
215,99
215,95
215,91
215,87
215,82
215,77
215,74
215,69
215,64
215,61
215,57
215,52
215,47
215,44
215,39
215,34
215,31
215,26
215,22
215,18
215,14
215,9
215,4
215,1
214,1
213,3
212,8
212,3
211,3
210,8
210,4
209,5
208,3
207,4
206,4
204,9
204,4
204,1
202,3
201,3
200,1268
200,1263
200,1258
200,1255
200,1250
200,1245
200,1241
200,1237
200,1233
200,1228
200,1225
200,1220
200,1159
200,1154
200,1151
200,1147
200,1142
200,1139
200,1134
200,1129
200,1124
200,1121
200,1116
200,1112
200,1108
200,1104
200,1099
200,1094
200,1091
200,1086
200,1082
200,1078
200,1074
200,1069
200,1066
200,1061
200,1056
200,1051
200,1048
200,1044
200,1039
200,1036
200,1031
200,1026
200,1021
200,1018
200,1013
200,1009
200,1005
200,1001
200,996
200,991
200,988
200,983
200,979
200,975
200,971
200,966
200,963
200,958
200,953
200,948
200,945
200,940
200,936
200,933
200,928
200,923
200,918
200,915
200,910
200,906
200,902
200,898
200,893
200,888
200,885
200,880
200,875
200,872
200,868
200,863
200,858
200,855
200,850
200,845
200,842
200,837
200,833
200,830
200,825
200,820
200,815
200,812
200,807
200,803
200,799
200,795
200,790
200,785
200,782
200,777
200,772
200,769
200,765
200,760
200,755
200,752
200,747
200,742
200,739
200,734
200,730
200,726
200,722
200,717
200,712
200,709
200,704
200,700
200,696
200,692
200,687
200,682
200,679
200,674
200,669
200,666
200,661
200,657
200,652
200,649
200,644
200,639
200,636
200,631
200,627
200,622
200,619
200,614
200,609
200,606
200,601
200,596
200,593
200,589
200,584
200,579
200,576
200,571
200,566
200,563
200,558
200,554
200,549
200,546
200,541
200,536
200,533
200,528
200,524
200,519
200,516
200,511
200,506
200,503
200,498
200,493
200,490
200,486
200,481
200,476
200,473
200,468
200,463
200,460
200,455
200,451
200,446
200,443
200,438
200,433
200,430
200,425
200,421
200,416
200,413
200,408
200,403
200,400
200,395
200,390
200,387
200,383
200,378
200,373
200,370
200,365
200,360
200,357
200,352
200,348
200,343
200,340
200,335
200,330
200,327
200,322
200,259
200,254
200,251
200,246
200,241
200,238
200,233
200,228
200,224
200,220
200,216
200,211
200,208
200,203
200,198
200,195
200,190
200,186
200,181
200,178
200,173
200,168
200,165
200,160
200,155
200,151
200,148
200,143
200,138
200,135
200,130
200,125
200,121
200,117
200,113
200,108
200,105
200,100
200,95
200,92
200,87
200,83
200,78
200,75
200,70
200,65
200,62
200,57
200,52
200,48
200,45
200,40
200,35
200,32
200,27
200,22
200,18
200,14
200,10
200,5
200,2
198,18
198,13
198,8
198,5
198,1
196,4
196,1
194,2
193,1
192,1
190,7
190,2
189,2
188,1
186,4
185,2
184,4
183,21
183,16
183,12
183,8
183,4
182,24
182,21
182,16
182,11
182,6
182,3
181,4
180,15
180,12
180,7
180,2
179,2
177,4
176,7
176,3
175,368
175,364
175,359
175,356
175,351
175,346
175,342
175,338
175,334
175,329
175,326
175,321
175,316
175,311
175,308
175,303
175,299
175,296
